000000000000000000000000001000000000000000000001000000000000000000000000000000000000000000000000000000000000000000000000
000000000000000000000000000000000000000000000010000001000000000000000000000000000000000000000000000000000000000000000100
000100000000000000000000000000000000000000000000000000000000000000000000000000001000000000000001000000000000000000000000
000000000000000000000000000000000000000000000000000100000000000000100001000000000000000000000000000000000000000000000000
000000000000000000000000000011111111111111111000000000000000000000001000000011111111111111110000000000000000010000000000
000000000000000000000000001111111111111111101110000000000000000000000000011111111111111111111100000100000000000010000000
000000000001100000000001111111111111111101111111110000000000010000000001111111111011111111111111100000000000010000000000
000010000000000000000011111111111111111111111111111000000000000000000111111111111111111111111111110000000000000000000000
000000000010000000001111111111111111111111111111111110000000000000011111111111111111111111111111111100000000000000000000
000000000000000000011111111111111110111101111111111111000000000000111111111111111111111111111011111110001000000000000000
000000000000000001111110111111111111111111111111111111100000001001111111111111111111111111110110111111100000000000000000
000000000000000011111111111111111111111111111111111111111000000011111111111111111111111111011111111011110000000000000000
000000000000000111111111101111011111111111011111111111111100101101111111111111111111111111111111111111111000000000000000
000000000000000111111111101111111111111111111111111111111100001111111111111111111111111111111111111111111100000000000000
000000000000001011111111111111111111111011111110111111111110011111111011111111111111111111111111111111111100000100000000
000000000000011111111111111111101111111111111111111111111111111111111111111101111111111111111111111111111110000000000000
000000000000111011111111101111111111111111111111111111111111111101111101111111111111111111111111111111111111000000000000
000000000000111111111111111111111111111111111111111111111111111111111111111111111111111011111111111111111101100000000000
000000000001111111111111111111111111111111111111111111110111111111111111111111111111111111111111111111111111100000000000
000000000011111111111111111111111111111111111111111111111111111111111111111111111111111111111011111111111111110000001001
000000000011111111111111111111111111111111111011111111111111111111111111111111111111111111111111111111111111110000000000
100000000011111111111111111111111111111111111111111111111111111111111111111111111111111111111111111111111111111000000000
000000000111111111111111111111111111111111111111110111111111111111111111111111111111111111111111111111111111111000000000
000000000111111111111111111111111111111111101111111111111110111111111111111111111111111111111111111111111111111000000000
000000000111111111111111111111111111111111111111111111111111111111111111111111111111111111111111111111111111111100000000
000000001111111111111111111111111111111111011111011111111111111110111111111111111111110111111111111111111111111100000000
000000001111111111110111111111111111111111111111111111111111111111111110101111111111111101111111111111111111111100000000
000000001111111111111111111111111111111111111111101111111111111111111111111101101111111111111111111111111111111100000000
000000001111111111111111111111111111111111111111111111111110111111111111111111110111111011111111111111111111101100000000
000000001111111111111111111111101111111111111111101111111111111111111111111111111111111111111111111111111111111100000000
000000001111111111111111111111111111111111011111111111111111111111111111111111111111011111111101111111111111111100000000
100000001001111111111111111111111111111111111111111111111111111111111111111111111111111111111101110111111111111100000010
000000001111111111011111111111111111111111111111111111111111111111111111111111111111111111111111111111111111111100000000
100000001111111111111111111111111111111111111111111111111111111111101111111011111101111111111111111111111111111100000000
000000001111111111111111111111111111111111111111111111101111111111111111101111111111111111111111111111111111111000000000
000000001111111111011111111111111111111111111111111111111111111111111111111111111111111101111111111111111111110100000000
000000001111111111111111111111111111111111111111111111111111110111110111111111111001111011111111111111111111111110000000
000000001111110111111111111111101111111111111111111111111111111111111110111111111111110111111111111111111111111100000000
000000001111111011111111111111111111111101111111111111111111111111111111111111111111011111111111111111110111111100000000
100000001111111111111111111111111111111111111111111111111111111111111111111111111011111011111111111111111111111100000000
000000001111111111011111111101111111110111111111111111111111111111111111111111111111111111111111111111111111111100000000
000000000111111111111111111111111111111111111011111111111111111111111111111110111101111111111111111111111111111000000000
000000100111111101111111111111111111111111111111111111111111111111111111111111111111111111111111111111111111111000000000
001000000111111111111111110111111111111111111111111111111111111111111111110110111111110111111111111111111111111000000000
000001000011111111111111111111111111111111111111111111111111111111111111111111111111111011111111111111111110110000000000
000000100011111111111111111111111111111111111111111111111111110111111111111111111111111111111111111111111110110000000000
000000000011101111111111111111111111111111111111111111111111111111111111111111111111111111111111111101111111100100110000
000000000001111111111111111111111111111111111111111111101111111111111111111111111111111111111111101111111111100000000100
000000000000111111111111111111110111111111111111111011111111111111111111111111111111111111111111111011101111000000000000
000000000000011111111111111111111111111111111111111111111111011111011111111111111111111111111111111111111110000000000000
000000000000010011111111111111111111111111111111111111111111111111111111111111111111111111111111111111110110000000000000
010000000000001111111111111111111111111111111111111111111111111111111111110111111111111101111111111111101100000000000000
000000100000000111111111111111111111111111111111111111111111111111111111111111111111111111011111111111111000000000001001
000000000000000011111111111111111111111111111111111101111111111111111011111111111111111111111111111111110010000000000001
000000000000000001111111111111111111111111111111111111111111111111111111111111111111111111111111111111100000000000000000
000000000000000000111111111111111111111111111111111111111111111111111111111111111111111111111111111111000000000000000000
000000000000000000011111111111111111111111111111111111111111111101111111111111111101111111111111111110000000000000000000
000000010000000000001111111111111111111111011111111111111111111111111111111111111111111011111111111100000000000000000000
000000000000000001000111111111111111110111111111011111111111111111111111111111111101111011111111111000000000000000000000
000010001100000100000011111011111111111111111111111111111111111111111111111111111111111111111111110000000000000010000010
001100000000000000000001111111111111111111111111111111111111111111111111111111111111111111111111100000010000000000000000
000000000000000000000000111111111111111111101111111111111111111111111111111111111111111111111111000000000000000000000000
000000000000000000000010001111111111111111111111111111111111111111111111111111111111111111111110000000000000000000000000
000000000010000000000000001111111111111111011111111111110111111111111011111111111111111111111100000000000000100000000010
000000000000000000000000000111111111111111111111111111111111111111111111111111111111111111111000000000000000000000000000
000000000000000000000000000011111111111111111111111110111111111111111111111111111111110111110000000000000000000000000000
000000000000000000000000000001111111111111111110111111111111111111111111111111111111111111100010100000010000000000000000
000000000000000000000000000000111111111111111111111111111111111111111111111111111111011111000000000000000000000000000000
000000000000000100000000000000011111111111111111011111111111111111111111111111111111111110000000010000000000000000000000
000000000000000000000000000000001111111111111111111111111101111111111111111111101111111100000000001000001000100000000000
000000000000000000000000000000000111111111111111111111111111111111111111111101111011111000010010000000000000000000001000
000000000000000000000000000000000011111111111111111111111111111111111111111111111111110000010000001000000000000000000000
000000010000000000000001000000000001101111111111111111111111111111111110111111111111100000000000000000000000000000100000
000000000000000000000000000000000000111111111111111111111111111111111111111111111111000000000000000000000000000000000000
010000000000000000000000000000000000011111111111111111111111111111111111111111110110000000000000000000000000000000100000
000000000000000000000000000000000000001111111111111111111111111111111111111111111100000000000000000000000000000000000000
000000000000000000000010010000000000000111111111111101111111111111111111101111111000000000000000000100000000000000000000
000000000001000000000000001000000000000011111111111111111111111111111111111111110000000000000000000000000000000000000000
000000000000000000000010000100000000000001111111111111111111111111111111111111100000000000000000000000000000000000000000
000000000000000000000000000000000000000000111101111011111111111111111111111111000000000000000000000000000000000000000000
001000000000000000000000000000000000000000011111111111111111111111111111111110000000000000000000000000000000000000000000
000000000000000000000000000000000000000000001111111011111111111111111111111100000000000000000000001000000000000000000000
000000000000000000000000000010000000000000000111111111011111101101111111111000000000000000000000000000000000000000000000
000000000000000000000000000000000000000000001111111111111111111111111111110000010000000000000000000000000000000000000000
000000000000100000000000000000000000000000000001111111111111110111111111100000000000000000000000000000000000000000000000
000000000000000000000010000000000000000000000001111111111111111111111111000000010000010000000000000000000000100100000000
000000000001000000000000000000000000000000000000011111011111111111111110000000000000000000000000000000000001000000000000
000000000000000000000000000000000000000000001000001011111111111111111100000000000000000000000000000000010000000000000000
000000000000000000000000000000000000000000000000000111111111111111111000000000100000000000000000000000001000000000000000
000000000000000000000000000000000000000100000000000011111111111111110000000000000000000100000000000000010000100000000010
000000000000000000000001000000000000000000000000000001111111111111100000000000010000000000000000001000000000000000000000
000000100000000000100000000000000000000000000000000000111110111111000000000000000000000000000000000000000000000000000001
000000000000000000000000000000000000000000000000000000011111111110000000000000000000000000000000001000000000000000000000
001000000000000000000000000000000000000000000000000000001111111100000000000000000000000000000000000000000000000000000000
000000000000000000000000000000000000000000000000000000000111111000000001000000000000000000000000000000000000001000000010
000000000000000000010000000000110000000000001000000000000011110000000000000000000000000000000000000000000000000000000000
000000000000000000000000000000000000001100000000000000000101100000000010100000000000000000000000000000000000000000000000
000000000000000000000000010000000000000000000000000000000000000000001000000000000010000000000000000010000000000000000000
000000100000000000000000000000000000000000000010000000001000000000000000000000000000000000000000000000000000000000000000
000000000000000000000000000000000000000010000000000000000000000000100000000000000000000000000000000000000010000000000000

